meta:name:[misc] DB32 full gradient
meta:id:mDb32Full
meta:mapped:true
meta:image:!,1,32,64,1,4
meta:hidden:true
0,0,0
2,2,4
5,5,7
7,7,11
10,9,15
12,11,19
15,14,22
17,16,26
17,16,26
19,18,30
22,21,33
24,23,37
27,25,41
29,27,45
32,30,48
34,32,52
38,33,53
43,34,54
47,35,55
52,36,56
56,37,57
60,38,58
65,39,59
69,40,60
73,42,59
77,44,57
81,46,56
86,49,55
90,51,53
94,53,52
98,55,50
102,57,49
107,61,50
112,65,52
117,69,53
123,73,54
128,77,55
133,81,57
138,85,58
143,89,59
153,92,56
163,95,54
173,98,51
183,101,49
193,104,46
203,107,43
213,110,41
223,113,38
222,119,46
222,125,54
221,131,62
220,137,70
219,142,78
219,148,86
218,154,94
217,160,102
220,164,109
222,169,115
225,173,122
228,178,128
230,182,135
233,186,141
235,191,148
238,195,154
240,201,142
241,207,129
243,213,117
245,219,104
246,224,92
248,230,79
249,236,67
251,242,54
239,240,57
227,239,61
214,237,64
202,236,67
190,234,70
178,232,74
165,231,77
153,229,80
147,224,76
141,219,72
135,214,68
130,210,64
124,205,60
118,200,56
112,195,52
106,190,48
100,185,56
93,180,64
87,174,71
81,169,79
74,164,87
68,159,95
61,153,102
55,148,110
58,143,102
60,137,94
63,132,86
65,127,79
68,121,71
70,116,63
73,110,55
75,105,47
76,101,46
77,98,44
78,94,43
79,90,42
79,86,40
80,83,39
81,79,37
82,75,36
78,73,39
74,71,41
70,69,44
66,68,47
62,66,49
58,64,52
54,62,54
50,60,57
52,60,64
53,61,72
55,61,79
57,62,87
58,62,94
60,62,101
61,63,109
63,63,116
61,67,118
59,71,120
57,75,121
56,80,123
54,84,125
52,88,127
50,92,128
48,96,130
53,98,142
59,100,154
64,101,166
70,103,178
75,105,189
80,107,201
86,108,213
91,110,225
92,116,229
93,121,233
94,127,236
95,133,240
96,138,244
97,144,248
98,149,251
99,155,255
99,161,252
98,168,248
98,174,245
97,180,242
97,186,238
96,193,235
96,199,231
95,205,228
109,207,231
122,209,234
136,210,237
149,212,240
163,214,243
176,216,246
190,217,249
203,219,252
210,224,252
216,228,253
223,233,253
229,237,254
236,242,254
242,246,254
249,251,255
255,255,255
243,245,246
230,235,237
218,224,228
205,214,219
193,204,210
180,194,201
168,183,192
155,173,183
152,167,177
149,161,171
146,155,165
144,150,159
141,144,153
138,138,147
135,132,141
132,126,135
129,124,131
125,121,128
122,119,124
119,116,121
115,114,117
112,111,113
108,109,110
105,106,106
103,104,103
101,101,100
99,99,97
97,96,94
95,94,91
93,91,88
91,89,85
89,86,82
93,84,89
96,81,96
100,79,103
104,76,110
107,74,117
111,71,124
114,69,131
118,66,138
125,64,127
132,62,116
138,60,105
145,58,94
152,56,83
159,54,72
165,52,61
172,50,50
178,55,56
183,59,62
189,64,68
195,69,75
200,73,81
206,78,87
211,82,93
217,87,99
217,92,110
217,96,121
216,101,132
216,105,143
216,110,153
216,114,164
215,119,175
215,123,186
206,127,172
197,130,158
188,134,144
179,137,130
170,141,116
161,144,102
152,148,88
143,151,74
142,146,71
142,141,68
141,136,64
141,131,61
140,126,58
139,121,55
139,116,51
138,111,48